# U,mu,nA_up, nA_dn, nB_up, nB_dn, ms, mf, ntotal,mu,cint
0  0.0007764   0.501301	0.501301	0.501301	0.501301	0	0	2.0052   0.0007764	0
0.1  0.0507264   0.501209	0.501209	0.501209	0.501209	0	0	2.00484   0.0507264	0
0.2  0.100007   0.505974	0.49402	0.49402	0.505974	0.0119539	2.71051e-20	1.99999   0.100007	0	9.07722e-10	9.07722e-10	9.07722e-10	9.07722e-10	52
0.22  0.110007   0.507231	0.492763	0.492763	0.507231	0.0144679	-2.71051e-20	1.99999   0.110007	0	8.12168e-10	8.12168e-10	8.12168e-10	8.12168e-10	46
0.24  0.12001   0.508837	0.491158	0.491158	0.508837	0.0176787	2.71051e-20	1.99999   0.12001	0	8.44997e-10	8.44997e-10	8.44997e-10	8.44997e-10	54
0.26  0.13001   0.51085	0.489144	0.489144	0.51085	0.0217063	0	1.99999   0.13001	0	8.83748e-10	8.83748e-10	8.83748e-10	8.83748e-10	60
0.28  0.14001   0.513306	0.486689	0.486689	0.513306	0.026617	2.71051e-20	1.99999   0.14001	0	9.31732e-10	9.31732e-10	9.31732e-10	9.31732e-10	64
0.3  0.149426   0.516017	0.483981	0.483981	0.516017	0.0320361	0	2   0.149426	0
0.5  0.24992   0.559751	0.440247	0.440247	0.559751	0.119505	0	2   0.24992	0
0.7  0.340296   0.6129	0.387098	0.387098	0.6129	0.225802	0	2   0.340296	0
1  0.447469   0.688039	0.311959	0.311959	0.688039	0.37608	-5.55112e-17	2   0.447469	0
1.4  0.447574   0.767014	0.232984	0.232984	0.767014	0.53403	0	2   0.447574	0
1.7  0.447678   0.811187	0.188811	0.188811	0.811187	0.622376	5.55112e-17	2   0.447678	0
2  0.447782   0.845324	0.154674	0.154674	0.845324	0.690651	1.11022e-16	2   0.447782	0
